cam_model: Pinhole
cam_width: 1280
cam_height: 1024
scale: 0.5
cam_fx: 1246.309179
cam_fy: 1245.932236
cam_cx: 622.211138
cam_cy: 525.492900
cam_d0: -0.064138
cam_d1: 0.096647
cam_d2: -0.002297
cam_d3: 0.000280